[3.76663483 0.50253402 6.91503823 0.30382689 0.84919096 1.3765373
 4.3493259 ](0.0, nan)
[3.26369537 0.66520557 4.46502408 0.07481084 1.08709423 0.8325288
 4.54789904](0.0, 0.0)
[3.76663483 0.65574549 6.91503823 0.306736   1.07946237 1.3765373
 4.35337503](0.2735562310030395, 0.973430278346746)
[3.26369537 0.66520557 4.46502408 0.07190173 0.85682282 0.8325288
 4.54384991](0.0, nan)
[2.46326196 0.12458403 7.28436334 0.33660297 1.19235846 0.95448349
 4.14686235](28.633760109179704, 0.0)
[1.15820512 0.20888437 3.5342801  0.02929939 1.01861867 1.41674545
 2.31173838](27.371984763649895, 0.0)
[1.18764273 0.06798631 4.09653743 0.18415837 1.07071465 0.8735741
 5.21589774](27.9698062912581, 1.0)
[1.05304994 0.5460561  8.82819472 0.25307897 1.20781139 1.4345335
 6.24586437](24.92355536670896, 1.0)
[1.05304994 0.5460561  7.70843592 0.25307897 1.20943341 0.88457909
 6.43773065](34.47135704894769, 1.0)
[1.18764273 0.07982724 4.09653743 0.18415837 1.06909263 1.42352852
 5.52425473](27.0402576641652, 1.0)
[1.09277618 0.54058979 8.62590957 0.047589   1.43681209 1.4628426
 6.12055358](43.115803365253356, 1.0)
[2.43523299 0.85194846 7.21317753 0.37979371 1.45198462 0.84119175
 4.03334078](34.4695959310979, 0.9617904702602493)
[2.61638629 0.85194846 7.21317753 0.37979371 1.45198462 0.84119175
 4.03334078](38.04167976270379, 1.0)
[2.43523299 0.81682174 7.21317753 0.37979371 1.45198462 0.84119175
 3.95103089](39.06914386810642, 1.0)
[2.13621344 0.58675583 2.24545789 0.06079129 0.88696072 1.26596732
 1.04906134](32.92080237172944, 1.0)
[3.67564803 0.12134162 4.17809956 0.07308455 0.84105818 0.93084271
 3.68698572](29.190008006683026, 1.0)
[3.71865744 0.12134162 4.1874313  0.07474189 0.84105818 0.93084271
 3.68698572](nan, 1.0)
[2.13621344 0.58675583 2.23612615 0.0609873  0.88696072 1.26596732
 1.04906134](33.0475543384382, 1.0)
[3.59954834 0.42412986 8.58300781 0.24487831 0.55047607 1.31263123
 1.74816895](nan, 0.826661589672411)
[2.62414551 0.286845   3.63656616 0.41742069 0.73034668 1.0613678
 5.07794189](32.4483111526029, 0.9883901373642163)
[3.52061021 0.42412986 8.58300781 0.23697125 0.73168624 1.31263123
 1.74816895](nan, 0.9876383814520782)
[2.62414551 0.286845   3.63656616 0.42532775 0.54913651 1.0613678
 4.70822372](nan, 0.9778093743065429)
[2.07666016 0.94199189 4.80380249 0.03552382 0.91357422 1.04440613
 1.45959473](29.002607102794833, 1.0)
[2.54769897 0.16082001 4.48614502 0.41697828 0.86529541 1.43469543
 2.5602417 ](31.923975442173354, 0.851528384279476)
[2.07666016 0.94199189 4.80380249 0.03552382 0.91357422 1.04440613
 1.45959473](29.002607102794833, 1.0)
[2.0143193  0.94199189 4.80380249 0.03552382 0.91357422 1.04440613
 1.45959473](29.48296847830152, 1.0)
[3.37844849 0.34152704 8.12948608 0.14649406 1.30197144 0.82304993
 3.66052246](34.86907050735019, 1.0)
[1.79962158 0.03931117 3.94439697 0.27215556 0.84295654 0.81339417
 5.04022217](32.13045298001284, 1.0)
[3.42279804 0.34152704 8.12948608 0.14649406 1.30197144 0.82304993
 3.66052246](34.43976288802337, 1.0)
[1.60162829 0.03931117 3.94439697 0.27215556 0.84295654 0.81339417
 5.04022217](32.680474704483224, 1.0)
